name: handpose-py2
channels:
  - pytorch
  - conda-forge
  - defaults
dependencies:
  - backports.functools_lru_cache=1.5=py_1
  - cairo=1.14.12=he56eebe_3
  - cycler=0.10.0=py_1
  - dbus=1.13.0=h3a4f0e9_0
  - expat=2.2.5=hfc679d8_1
  - ffmpeg=4.0.2=ha6a6e2b_0
  - fontconfig=2.13.0=h0c61d53_4
  - freetype=2.8.1=hfa320df_1
  - functools32=3.2.3.2=py27_2
  - gettext=0.19.8.1=0
  - glib=2.55.0=h464dc38_2
  - gmp=6.1.2=hfc679d8_0
  - gnutls=3.5.17=0
  - gst-plugins-base=1.12.5=hde13a9d_0
  - gstreamer=1.12.5=h61a6719_0
  - harfbuzz=1.8.5=h2bb21d5_0
  - jasper=1.900.1=4
  - kiwisolver=1.0.1=py27_1
  - libiconv=1.15=h470a237_1
  - libidn11=1.33=0
  - matplotlib=2.2.2=py27_1
  - nettle=3.3=0
  - openh264=1.7.0=0
  - pillow=5.2.0=py27_0
  - pyparsing=2.2.0=py_1
  - pyqt=5.6.0=py27h8210e8a_6
  - pytz=2018.5=py_0
  - sip=4.18=py27_1
  - subprocess32=3.5.2=py27_0
  - x264=1!152.20180717=h470a237_0
  - xorg-kbproto=1.0.7=h470a237_2
  - xorg-libice=1.0.9=h470a237_4
  - xorg-libsm=1.2.2=h470a237_5
  - xorg-libx11=1.6.5=h470a237_2
  - xorg-libxext=1.3.3=h470a237_4
  - xorg-libxrender=0.9.10=h470a237_2
  - xorg-renderproto=0.11.1=h470a237_2
  - xorg-xextproto=7.3.0=h470a237_2
  - xorg-xproto=7.0.31=h470a237_7
  - backports=1.0=py27_1
  - backports.shutil_get_terminal_size=1.0.0=py27_2
  - backports_abc=0.5=py27_0
  - blas=1.0=mkl
  - bzip2=1.0.6=h14c3975_5
  - ca-certificates=2018.03.07=0
  - certifi=2018.8.13=py27_0
  - cffi=1.11.5=py27h9745a5d_0
  - cudatoolkit=8.0=3
  - decorator=4.3.0=py27_0
  - enum34=1.1.6=py27_1
  - freeglut=3.0.0=hf484d3e_5
  - futures=3.2.0=py27_0
  - graphite2=1.3.11=h16798f4_2
  - hdf5=1.10.2=hba1933b_1
  - icu=58.2=h9c2bf20_1
  - intel-openmp=2018.0.3=0
  - ipykernel=4.8.2=py27_0
  - ipython=5.8.0=py27_0
  - ipython_genutils=0.2.0=py27_0
  - jpeg=9b=h024ee3a_2
  - jupyter_client=5.2.3=py27_0
  - jupyter_core=4.4.0=py27_0
  - libedit=3.1.20170329=h6b74fdf_2
  - libffi=3.2.1=hd88cf55_4
  - libgcc-ng=7.2.0=hdf63c60_3
  - libgfortran-ng=7.2.0=hdf63c60_3
  - libglu=9.0.0=hf484d3e_1
  - libopencv=3.4.1=h1a3b859_1
  - libopus=1.2.1=hb9ed12e_0
  - libpng=1.6.34=hb9fc6fc_0
  - libprotobuf=3.5.2=h6f1eeef_0
  - libsodium=1.0.16=h1bed415_0
  - libstdcxx-ng=7.2.0=hdf63c60_3
  - libtiff=4.0.9=he85c1e1_1
  - libuuid=1.0.3=h1bed415_2
  - libvpx=1.7.0=h439df22_0
  - libxcb=1.13=h1bed415_1
  - libxml2=2.9.8=h26e45fe_1
  - mkl=2018.0.3=1
  - mkl_fft=1.0.4=py27h4414c95_1
  - mkl_random=1.0.1=py27h4414c95_1
  - ncurses=6.1=hf484d3e_0
  - ninja=1.8.2=py27h6bb024c_1
  - numpy=1.15.0=py27h1b885b7_0
  - numpy-base=1.15.0=py27h3dfced4_0
  - olefile=0.45.1=py27_0
  - opencv=3.4.1=py27h6fd60c2_2
  - openssl=1.0.2p=h14c3975_0
  - pandas=0.23.4=py27h04863e7_0
  - pathlib2=2.3.2=py27_0
  - patsy=0.5.0=py27_0
  - pcre=8.42=h439df22_0
  - pexpect=4.6.0=py27_0
  - pickleshare=0.7.4=py27_0
  - pip=10.0.1=py27_0
  - pixman=0.34.0=hceecf20_3
  - prompt_toolkit=1.0.15=py27_0
  - ptyprocess=0.6.0=py27_0
  - py-opencv=3.4.1=py27h0676e08_1
  - pycparser=2.18=py27_1
  - pygments=2.2.0=py27_0
  - python=2.7.15=h1571d57_0
  - python-dateutil=2.7.3=py27_0
  - pyzmq=17.0.0=py27h14c3975_3
  - qt=5.6.2=h974d657_12
  - readline=7.0=ha6073c6_4
  - scandir=1.7=py27h14c3975_0
  - scipy=1.1.0=py27hc49cb51_0
  - seaborn=0.9.0=py27_0
  - setuptools=39.2.0=py27_0
  - simplegeneric=0.8.1=py27_2
  - singledispatch=3.4.0.3=py27_0
  - six=1.11.0=py27_1
  - sqlite=3.24.0=h84994c4_0
  - statsmodels=0.9.0=py27h035aef0_0
  - tk=8.6.7=hc745277_3
  - tornado=5.0.2=py27h14c3975_0
  - traitlets=4.3.2=py27_0
  - wcwidth=0.1.7=py27_0
  - wheel=0.31.1=py27_0
  - xz=5.2.4=h14c3975_4
  - zeromq=4.2.5=hf484d3e_0
  - zlib=1.2.11=ha838bed_2
  - cuda80=1.0=h205658b_0
  - pytorch=0.4.1=py27_cuda8.0.61_cudnn7.1.2_1
  - torchvision=0.2.1=py27_1
  - pip:
    - torch==0.4.1
prefix: /home/danningx/.conda/envs/handpose-py2

